{
 "cells": [
  {
   "cell_type": "markdown",
   "metadata": {},
   "source": [
    "# Sampling thermal parameters"
   ]
  },
  {
   "cell_type": "code",
   "execution_count": 1,
   "metadata": {},
   "outputs": [],
   "source": [
    "import sys\n",
    "import json\n",
    "import yaml\n",
    "import numpy as np\n",
    "import pandas as pd\n",
    "import scipy.stats as stats\n",
    "from netCDF4 import Dataset"
   ]
  },
  {
   "cell_type": "code",
   "execution_count": 2,
   "metadata": {},
   "outputs": [],
   "source": [
    "# mce is available in https://github.com/tsutsui1872/mce \n",
    "sys.path.append('../mce')"
   ]
  },
  {
   "cell_type": "code",
   "execution_count": 3,
   "metadata": {},
   "outputs": [],
   "source": [
    "from mce.core.forcing import RfAll"
   ]
  },
  {
   "cell_type": "code",
   "execution_count": 4,
   "metadata": {},
   "outputs": [],
   "source": [
    "from src.util import RetrieveGitHub, df2nc\n",
    "from src.tlm import ebm_to_irm, add_ecs_tcr"
   ]
  },
  {
   "cell_type": "code",
   "execution_count": 5,
   "metadata": {},
   "outputs": [],
   "source": [
    "obj_rf = RfAll()"
   ]
  },
  {
   "cell_type": "markdown",
   "metadata": {},
   "source": [
    "## Read calibrated parameters"
   ]
  },
  {
   "cell_type": "code",
   "execution_count": 6,
   "metadata": {},
   "outputs": [
    {
     "data": {
      "text/html": [
       "<div>\n",
       "<style scoped>\n",
       "    .dataframe tbody tr th:only-of-type {\n",
       "        vertical-align: middle;\n",
       "    }\n",
       "\n",
       "    .dataframe tbody tr th {\n",
       "        vertical-align: top;\n",
       "    }\n",
       "\n",
       "    .dataframe thead th {\n",
       "        text-align: right;\n",
       "    }\n",
       "</style>\n",
       "<table border=\"1\" class=\"dataframe\">\n",
       "  <thead>\n",
       "    <tr style=\"text-align: right;\">\n",
       "      <th></th>\n",
       "      <th></th>\n",
       "      <th>q4x</th>\n",
       "      <th>lamg</th>\n",
       "      <th>cdeep</th>\n",
       "      <th>cmix</th>\n",
       "      <th>gamma_2l</th>\n",
       "      <th>eff</th>\n",
       "      <th>tau0</th>\n",
       "      <th>tau1</th>\n",
       "      <th>a0</th>\n",
       "      <th>a1</th>\n",
       "      <th>q2x</th>\n",
       "      <th>co2_beta</th>\n",
       "      <th>ecs</th>\n",
       "      <th>tcr</th>\n",
       "    </tr>\n",
       "    <tr>\n",
       "      <th>Method</th>\n",
       "      <th>Dataset</th>\n",
       "      <th></th>\n",
       "      <th></th>\n",
       "      <th></th>\n",
       "      <th></th>\n",
       "      <th></th>\n",
       "      <th></th>\n",
       "      <th></th>\n",
       "      <th></th>\n",
       "      <th></th>\n",
       "      <th></th>\n",
       "      <th></th>\n",
       "      <th></th>\n",
       "      <th></th>\n",
       "      <th></th>\n",
       "    </tr>\n",
       "  </thead>\n",
       "  <tbody>\n",
       "    <tr>\n",
       "      <th rowspan=\"5\" valign=\"top\">ar6</th>\n",
       "      <th>ACCESS-CM2</th>\n",
       "      <td>7.733057</td>\n",
       "      <td>0.699488</td>\n",
       "      <td>93.230040</td>\n",
       "      <td>8.705751</td>\n",
       "      <td>0.542905</td>\n",
       "      <td>1.496768</td>\n",
       "      <td>5.653977</td>\n",
       "      <td>378.010245</td>\n",
       "      <td>0.445999</td>\n",
       "      <td>0.554001</td>\n",
       "      <td>3.680935</td>\n",
       "      <td>NaN</td>\n",
       "      <td>5.262326</td>\n",
       "      <td>2.409353</td>\n",
       "    </tr>\n",
       "    <tr>\n",
       "      <th>ACCESS-ESM1-5</th>\n",
       "      <td>6.745166</td>\n",
       "      <td>0.712660</td>\n",
       "      <td>95.361976</td>\n",
       "      <td>8.381012</td>\n",
       "      <td>0.619427</td>\n",
       "      <td>1.604319</td>\n",
       "      <td>4.820713</td>\n",
       "      <td>375.567394</td>\n",
       "      <td>0.402246</td>\n",
       "      <td>0.597754</td>\n",
       "      <td>3.210699</td>\n",
       "      <td>NaN</td>\n",
       "      <td>4.505233</td>\n",
       "      <td>1.921801</td>\n",
       "    </tr>\n",
       "    <tr>\n",
       "      <th>AWI-CM-1-1-MR</th>\n",
       "      <td>8.168461</td>\n",
       "      <td>1.209335</td>\n",
       "      <td>56.493956</td>\n",
       "      <td>8.200244</td>\n",
       "      <td>0.475052</td>\n",
       "      <td>1.448388</td>\n",
       "      <td>4.264331</td>\n",
       "      <td>189.099361</td>\n",
       "      <td>0.620322</td>\n",
       "      <td>0.379678</td>\n",
       "      <td>3.888188</td>\n",
       "      <td>NaN</td>\n",
       "      <td>3.215145</td>\n",
       "      <td>2.071938</td>\n",
       "    </tr>\n",
       "    <tr>\n",
       "      <th>BCC-CSM2-MR</th>\n",
       "      <td>7.217011</td>\n",
       "      <td>1.143931</td>\n",
       "      <td>64.573536</td>\n",
       "      <td>5.936500</td>\n",
       "      <td>0.872355</td>\n",
       "      <td>1.303708</td>\n",
       "      <td>2.556726</td>\n",
       "      <td>150.247677</td>\n",
       "      <td>0.483884</td>\n",
       "      <td>0.516116</td>\n",
       "      <td>3.435297</td>\n",
       "      <td>NaN</td>\n",
       "      <td>3.003064</td>\n",
       "      <td>1.709459</td>\n",
       "    </tr>\n",
       "    <tr>\n",
       "      <th>BCC-ESM1</th>\n",
       "      <td>6.488241</td>\n",
       "      <td>0.892194</td>\n",
       "      <td>97.662585</td>\n",
       "      <td>8.695826</td>\n",
       "      <td>0.529933</td>\n",
       "      <td>1.368489</td>\n",
       "      <td>5.305895</td>\n",
       "      <td>338.532502</td>\n",
       "      <td>0.537132</td>\n",
       "      <td>0.462868</td>\n",
       "      <td>3.088403</td>\n",
       "      <td>NaN</td>\n",
       "      <td>3.461580</td>\n",
       "      <td>1.871806</td>\n",
       "    </tr>\n",
       "    <tr>\n",
       "      <th>...</th>\n",
       "      <th>...</th>\n",
       "      <td>...</td>\n",
       "      <td>...</td>\n",
       "      <td>...</td>\n",
       "      <td>...</td>\n",
       "      <td>...</td>\n",
       "      <td>...</td>\n",
       "      <td>...</td>\n",
       "      <td>...</td>\n",
       "      <td>...</td>\n",
       "      <td>...</td>\n",
       "      <td>...</td>\n",
       "      <td>...</td>\n",
       "      <td>...</td>\n",
       "      <td>...</td>\n",
       "    </tr>\n",
       "    <tr>\n",
       "      <th rowspan=\"5\" valign=\"top\">mce-2l</th>\n",
       "      <th>NorESM2-LM</th>\n",
       "      <td>6.615321</td>\n",
       "      <td>1.276142</td>\n",
       "      <td>117.625608</td>\n",
       "      <td>3.434206</td>\n",
       "      <td>0.871714</td>\n",
       "      <td>NaN</td>\n",
       "      <td>1.591194</td>\n",
       "      <td>228.208766</td>\n",
       "      <td>0.588413</td>\n",
       "      <td>0.411587</td>\n",
       "      <td>2.808846</td>\n",
       "      <td>1.177587</td>\n",
       "      <td>2.201046</td>\n",
       "      <td>1.390751</td>\n",
       "    </tr>\n",
       "    <tr>\n",
       "      <th>NorESM2-MM</th>\n",
       "      <td>7.072782</td>\n",
       "      <td>1.389735</td>\n",
       "      <td>112.052479</td>\n",
       "      <td>3.815150</td>\n",
       "      <td>0.825756</td>\n",
       "      <td>NaN</td>\n",
       "      <td>1.713863</td>\n",
       "      <td>217.356912</td>\n",
       "      <td>0.621318</td>\n",
       "      <td>0.378682</td>\n",
       "      <td>2.924660</td>\n",
       "      <td>1.209163</td>\n",
       "      <td>2.104474</td>\n",
       "      <td>1.390466</td>\n",
       "    </tr>\n",
       "    <tr>\n",
       "      <th>SAM0-UNICON</th>\n",
       "      <td>7.255909</td>\n",
       "      <td>0.943384</td>\n",
       "      <td>109.087494</td>\n",
       "      <td>5.775929</td>\n",
       "      <td>0.749171</td>\n",
       "      <td>NaN</td>\n",
       "      <td>3.377058</td>\n",
       "      <td>263.990592</td>\n",
       "      <td>0.545765</td>\n",
       "      <td>0.454235</td>\n",
       "      <td>3.608986</td>\n",
       "      <td>1.005256</td>\n",
       "      <td>3.825574</td>\n",
       "      <td>2.197015</td>\n",
       "    </tr>\n",
       "    <tr>\n",
       "      <th>TaiESM1</th>\n",
       "      <td>7.272367</td>\n",
       "      <td>0.811419</td>\n",
       "      <td>87.053832</td>\n",
       "      <td>7.131655</td>\n",
       "      <td>0.689128</td>\n",
       "      <td>NaN</td>\n",
       "      <td>4.670360</td>\n",
       "      <td>237.729205</td>\n",
       "      <td>0.521989</td>\n",
       "      <td>0.478011</td>\n",
       "      <td>3.645495</td>\n",
       "      <td>0.997446</td>\n",
       "      <td>4.492738</td>\n",
       "      <td>2.473972</td>\n",
       "    </tr>\n",
       "    <tr>\n",
       "      <th>UKESM1-0-LL</th>\n",
       "      <td>7.299849</td>\n",
       "      <td>0.687853</td>\n",
       "      <td>65.661704</td>\n",
       "      <td>7.527359</td>\n",
       "      <td>0.632484</td>\n",
       "      <td>NaN</td>\n",
       "      <td>5.550883</td>\n",
       "      <td>204.666957</td>\n",
       "      <td>0.493505</td>\n",
       "      <td>0.506495</td>\n",
       "      <td>3.658670</td>\n",
       "      <td>0.997610</td>\n",
       "      <td>5.318972</td>\n",
       "      <td>2.826370</td>\n",
       "    </tr>\n",
       "  </tbody>\n",
       "</table>\n",
       "<p>122 rows × 14 columns</p>\n",
       "</div>"
      ],
      "text/plain": [
       "                           q4x      lamg       cdeep      cmix  gamma_2l  \\\n",
       "Method Dataset                                                             \n",
       "ar6    ACCESS-CM2     7.733057  0.699488   93.230040  8.705751  0.542905   \n",
       "       ACCESS-ESM1-5  6.745166  0.712660   95.361976  8.381012  0.619427   \n",
       "       AWI-CM-1-1-MR  8.168461  1.209335   56.493956  8.200244  0.475052   \n",
       "       BCC-CSM2-MR    7.217011  1.143931   64.573536  5.936500  0.872355   \n",
       "       BCC-ESM1       6.488241  0.892194   97.662585  8.695826  0.529933   \n",
       "...                        ...       ...         ...       ...       ...   \n",
       "mce-2l NorESM2-LM     6.615321  1.276142  117.625608  3.434206  0.871714   \n",
       "       NorESM2-MM     7.072782  1.389735  112.052479  3.815150  0.825756   \n",
       "       SAM0-UNICON    7.255909  0.943384  109.087494  5.775929  0.749171   \n",
       "       TaiESM1        7.272367  0.811419   87.053832  7.131655  0.689128   \n",
       "       UKESM1-0-LL    7.299849  0.687853   65.661704  7.527359  0.632484   \n",
       "\n",
       "                           eff      tau0        tau1        a0        a1  \\\n",
       "Method Dataset                                                             \n",
       "ar6    ACCESS-CM2     1.496768  5.653977  378.010245  0.445999  0.554001   \n",
       "       ACCESS-ESM1-5  1.604319  4.820713  375.567394  0.402246  0.597754   \n",
       "       AWI-CM-1-1-MR  1.448388  4.264331  189.099361  0.620322  0.379678   \n",
       "       BCC-CSM2-MR    1.303708  2.556726  150.247677  0.483884  0.516116   \n",
       "       BCC-ESM1       1.368489  5.305895  338.532502  0.537132  0.462868   \n",
       "...                        ...       ...         ...       ...       ...   \n",
       "mce-2l NorESM2-LM          NaN  1.591194  228.208766  0.588413  0.411587   \n",
       "       NorESM2-MM          NaN  1.713863  217.356912  0.621318  0.378682   \n",
       "       SAM0-UNICON         NaN  3.377058  263.990592  0.545765  0.454235   \n",
       "       TaiESM1             NaN  4.670360  237.729205  0.521989  0.478011   \n",
       "       UKESM1-0-LL         NaN  5.550883  204.666957  0.493505  0.506495   \n",
       "\n",
       "                           q2x  co2_beta       ecs       tcr  \n",
       "Method Dataset                                                \n",
       "ar6    ACCESS-CM2     3.680935       NaN  5.262326  2.409353  \n",
       "       ACCESS-ESM1-5  3.210699       NaN  4.505233  1.921801  \n",
       "       AWI-CM-1-1-MR  3.888188       NaN  3.215145  2.071938  \n",
       "       BCC-CSM2-MR    3.435297       NaN  3.003064  1.709459  \n",
       "       BCC-ESM1       3.088403       NaN  3.461580  1.871806  \n",
       "...                        ...       ...       ...       ...  \n",
       "mce-2l NorESM2-LM     2.808846  1.177587  2.201046  1.390751  \n",
       "       NorESM2-MM     2.924660  1.209163  2.104474  1.390466  \n",
       "       SAM0-UNICON    3.608986  1.005256  3.825574  2.197015  \n",
       "       TaiESM1        3.645495  0.997446  4.492738  2.473972  \n",
       "       UKESM1-0-LL    3.658670  0.997610  5.318972  2.826370  \n",
       "\n",
       "[122 rows x 14 columns]"
      ]
     },
     "execution_count": 6,
     "metadata": {},
     "output_type": "execute_result"
    }
   ],
   "source": [
    "df_parms_calib = pd.read_csv('./dataout/parms_calib.csv', index_col=[0, 1])\n",
    "df_parms_calib"
   ]
  },
  {
   "cell_type": "markdown",
   "metadata": {},
   "source": [
    "## Sampling core parameters"
   ]
  },
  {
   "cell_type": "code",
   "execution_count": 7,
   "metadata": {},
   "outputs": [],
   "source": [
    "variables = ['q4x', 'lamg', 'cmix', 'cdeep', 'gamma_2l', 'eff']\n",
    "variables_mce = variables[:-1] + ['co2_beta']"
   ]
  },
  {
   "cell_type": "code",
   "execution_count": 8,
   "metadata": {},
   "outputs": [],
   "source": [
    "def gen_sample(df_calib, nsize, seed):\n",
    "    kernel = stats.gaussian_kde(df_calib.T)\n",
    "    df = pd.DataFrame(\n",
    "        kernel.resample(size=int(nsize*1.1), seed=seed),\n",
    "        index=df_calib.columns,\n",
    "    ).T\n",
    "    df = (\n",
    "        df\n",
    "        .where(df > 0)\n",
    "        .dropna()\n",
    "        .iloc[:nsize]\n",
    "        .reset_index(drop=True)\n",
    "        .rename_axis('Member')\n",
    "    )\n",
    "    return df"
   ]
  },
  {
   "cell_type": "code",
   "execution_count": 9,
   "metadata": {},
   "outputs": [],
   "source": [
    "nsize = 50000\n",
    "seed_sampling = 101"
   ]
  },
  {
   "cell_type": "code",
   "execution_count": 10,
   "metadata": {},
   "outputs": [],
   "source": [
    "df_parms_sample = pd.concat({\n",
    "    k: gen_sample(\n",
    "        df[variables if k != 'mce-2l' else variables_mce],\n",
    "        nsize, seed_sampling,\n",
    "    )\n",
    "    for k, df in df_parms_calib.groupby('Method')\n",
    "}, names=['Method'])"
   ]
  },
  {
   "cell_type": "code",
   "execution_count": 11,
   "metadata": {},
   "outputs": [],
   "source": [
    "qvals = [0.05, 0.17, 0.5, 0.83, 0.95]\n",
    "vn = 'lamg'\n",
    "\n",
    "for k, df in df_parms_calib.groupby('Method'):\n",
    "    d1 = df_parms_sample.loc[k][vn]\n",
    "    q_sample = d1.quantile(qvals)\n",
    "    q_calib = df[vn].quantile(qvals)\n",
    "    factor = (\n",
    "        ((q_calib[0.17] - q_calib[0.05])/(q_calib[0.5] - q_calib[0.05]))\n",
    "        / ((q_sample[0.17] - q_sample[0.05])/(q_sample[0.5] - q_sample[0.05]))\n",
    "    )\n",
    "    d1.where(\n",
    "        d1 > q_sample[0.17],\n",
    "        q_sample[0.17] - (q_sample[0.17] - d1) * factor,\n",
    "        inplace=True,\n",
    "    )"
   ]
  },
  {
   "cell_type": "code",
   "execution_count": 12,
   "metadata": {},
   "outputs": [
    {
     "data": {
      "text/html": [
       "<div>\n",
       "<style scoped>\n",
       "    .dataframe tbody tr th:only-of-type {\n",
       "        vertical-align: middle;\n",
       "    }\n",
       "\n",
       "    .dataframe tbody tr th {\n",
       "        vertical-align: top;\n",
       "    }\n",
       "\n",
       "    .dataframe thead th {\n",
       "        text-align: right;\n",
       "    }\n",
       "</style>\n",
       "<table border=\"1\" class=\"dataframe\">\n",
       "  <thead>\n",
       "    <tr style=\"text-align: right;\">\n",
       "      <th></th>\n",
       "      <th>q4x</th>\n",
       "      <th>lamg</th>\n",
       "      <th>cmix</th>\n",
       "      <th>cdeep</th>\n",
       "      <th>gamma_2l</th>\n",
       "      <th>eff</th>\n",
       "    </tr>\n",
       "  </thead>\n",
       "  <tbody>\n",
       "    <tr>\n",
       "      <th>q4x</th>\n",
       "      <td>1.000000</td>\n",
       "      <td>0.463810</td>\n",
       "      <td>0.013784</td>\n",
       "      <td>0.044157</td>\n",
       "      <td>0.311973</td>\n",
       "      <td>0.451525</td>\n",
       "    </tr>\n",
       "    <tr>\n",
       "      <th>lamg</th>\n",
       "      <td>0.463810</td>\n",
       "      <td>1.000000</td>\n",
       "      <td>0.341001</td>\n",
       "      <td>0.382583</td>\n",
       "      <td>0.148295</td>\n",
       "      <td>-0.197522</td>\n",
       "    </tr>\n",
       "    <tr>\n",
       "      <th>cmix</th>\n",
       "      <td>0.013784</td>\n",
       "      <td>0.341001</td>\n",
       "      <td>1.000000</td>\n",
       "      <td>0.168347</td>\n",
       "      <td>-0.437814</td>\n",
       "      <td>-0.433908</td>\n",
       "    </tr>\n",
       "    <tr>\n",
       "      <th>cdeep</th>\n",
       "      <td>0.044157</td>\n",
       "      <td>0.382583</td>\n",
       "      <td>0.168347</td>\n",
       "      <td>1.000000</td>\n",
       "      <td>0.078769</td>\n",
       "      <td>-0.249702</td>\n",
       "    </tr>\n",
       "    <tr>\n",
       "      <th>gamma_2l</th>\n",
       "      <td>0.311973</td>\n",
       "      <td>0.148295</td>\n",
       "      <td>-0.437814</td>\n",
       "      <td>0.078769</td>\n",
       "      <td>1.000000</td>\n",
       "      <td>0.290593</td>\n",
       "    </tr>\n",
       "    <tr>\n",
       "      <th>eff</th>\n",
       "      <td>0.451525</td>\n",
       "      <td>-0.197522</td>\n",
       "      <td>-0.433908</td>\n",
       "      <td>-0.249702</td>\n",
       "      <td>0.290593</td>\n",
       "      <td>1.000000</td>\n",
       "    </tr>\n",
       "  </tbody>\n",
       "</table>\n",
       "</div>"
      ],
      "text/plain": [
       "               q4x      lamg      cmix     cdeep  gamma_2l       eff\n",
       "q4x       1.000000  0.463810  0.013784  0.044157  0.311973  0.451525\n",
       "lamg      0.463810  1.000000  0.341001  0.382583  0.148295 -0.197522\n",
       "cmix      0.013784  0.341001  1.000000  0.168347 -0.437814 -0.433908\n",
       "cdeep     0.044157  0.382583  0.168347  1.000000  0.078769 -0.249702\n",
       "gamma_2l  0.311973  0.148295 -0.437814  0.078769  1.000000  0.290593\n",
       "eff       0.451525 -0.197522 -0.433908 -0.249702  0.290593  1.000000"
      ]
     },
     "metadata": {},
     "output_type": "display_data"
    },
    {
     "data": {
      "text/html": [
       "<div>\n",
       "<style scoped>\n",
       "    .dataframe tbody tr th:only-of-type {\n",
       "        vertical-align: middle;\n",
       "    }\n",
       "\n",
       "    .dataframe tbody tr th {\n",
       "        vertical-align: top;\n",
       "    }\n",
       "\n",
       "    .dataframe thead th {\n",
       "        text-align: right;\n",
       "    }\n",
       "</style>\n",
       "<table border=\"1\" class=\"dataframe\">\n",
       "  <thead>\n",
       "    <tr style=\"text-align: right;\">\n",
       "      <th></th>\n",
       "      <th>q4x</th>\n",
       "      <th>lamg</th>\n",
       "      <th>cmix</th>\n",
       "      <th>cdeep</th>\n",
       "      <th>gamma_2l</th>\n",
       "      <th>eff</th>\n",
       "    </tr>\n",
       "  </thead>\n",
       "  <tbody>\n",
       "    <tr>\n",
       "      <th>q4x</th>\n",
       "      <td>1.000000</td>\n",
       "      <td>0.464861</td>\n",
       "      <td>0.013387</td>\n",
       "      <td>0.053257</td>\n",
       "      <td>0.315927</td>\n",
       "      <td>0.448694</td>\n",
       "    </tr>\n",
       "    <tr>\n",
       "      <th>lamg</th>\n",
       "      <td>0.464861</td>\n",
       "      <td>1.000000</td>\n",
       "      <td>0.340022</td>\n",
       "      <td>0.382789</td>\n",
       "      <td>0.156895</td>\n",
       "      <td>-0.198951</td>\n",
       "    </tr>\n",
       "    <tr>\n",
       "      <th>cmix</th>\n",
       "      <td>0.013387</td>\n",
       "      <td>0.340022</td>\n",
       "      <td>1.000000</td>\n",
       "      <td>0.168562</td>\n",
       "      <td>-0.441082</td>\n",
       "      <td>-0.435512</td>\n",
       "    </tr>\n",
       "    <tr>\n",
       "      <th>cdeep</th>\n",
       "      <td>0.053257</td>\n",
       "      <td>0.382789</td>\n",
       "      <td>0.168562</td>\n",
       "      <td>1.000000</td>\n",
       "      <td>0.104639</td>\n",
       "      <td>-0.254230</td>\n",
       "    </tr>\n",
       "    <tr>\n",
       "      <th>gamma_2l</th>\n",
       "      <td>0.315927</td>\n",
       "      <td>0.156895</td>\n",
       "      <td>-0.441082</td>\n",
       "      <td>0.104639</td>\n",
       "      <td>1.000000</td>\n",
       "      <td>0.285662</td>\n",
       "    </tr>\n",
       "    <tr>\n",
       "      <th>eff</th>\n",
       "      <td>0.448694</td>\n",
       "      <td>-0.198951</td>\n",
       "      <td>-0.435512</td>\n",
       "      <td>-0.254230</td>\n",
       "      <td>0.285662</td>\n",
       "      <td>1.000000</td>\n",
       "    </tr>\n",
       "  </tbody>\n",
       "</table>\n",
       "</div>"
      ],
      "text/plain": [
       "               q4x      lamg      cmix     cdeep  gamma_2l       eff\n",
       "q4x       1.000000  0.464861  0.013387  0.053257  0.315927  0.448694\n",
       "lamg      0.464861  1.000000  0.340022  0.382789  0.156895 -0.198951\n",
       "cmix      0.013387  0.340022  1.000000  0.168562 -0.441082 -0.435512\n",
       "cdeep     0.053257  0.382789  0.168562  1.000000  0.104639 -0.254230\n",
       "gamma_2l  0.315927  0.156895 -0.441082  0.104639  1.000000  0.285662\n",
       "eff       0.448694 -0.198951 -0.435512 -0.254230  0.285662  1.000000"
      ]
     },
     "metadata": {},
     "output_type": "display_data"
    }
   ],
   "source": [
    "display(\n",
    "    df_parms_sample.loc['ar6'][variables].corr(),\n",
    "    df_parms_calib.loc['ar6'][variables].corr(),\n",
    ")"
   ]
  },
  {
   "cell_type": "code",
   "execution_count": 13,
   "metadata": {},
   "outputs": [
    {
     "data": {
      "text/html": [
       "<div>\n",
       "<style scoped>\n",
       "    .dataframe tbody tr th:only-of-type {\n",
       "        vertical-align: middle;\n",
       "    }\n",
       "\n",
       "    .dataframe tbody tr th {\n",
       "        vertical-align: top;\n",
       "    }\n",
       "\n",
       "    .dataframe thead th {\n",
       "        text-align: right;\n",
       "    }\n",
       "</style>\n",
       "<table border=\"1\" class=\"dataframe\">\n",
       "  <thead>\n",
       "    <tr style=\"text-align: right;\">\n",
       "      <th></th>\n",
       "      <th>q4x</th>\n",
       "      <th>lamg</th>\n",
       "      <th>cmix</th>\n",
       "      <th>cdeep</th>\n",
       "      <th>gamma_2l</th>\n",
       "      <th>eff</th>\n",
       "    </tr>\n",
       "  </thead>\n",
       "  <tbody>\n",
       "    <tr>\n",
       "      <th>q4x</th>\n",
       "      <td>1.000000</td>\n",
       "      <td>0.393555</td>\n",
       "      <td>-0.021099</td>\n",
       "      <td>0.092979</td>\n",
       "      <td>0.355711</td>\n",
       "      <td>0.414269</td>\n",
       "    </tr>\n",
       "    <tr>\n",
       "      <th>lamg</th>\n",
       "      <td>0.393555</td>\n",
       "      <td>1.000000</td>\n",
       "      <td>0.197286</td>\n",
       "      <td>0.371227</td>\n",
       "      <td>0.353780</td>\n",
       "      <td>-0.077128</td>\n",
       "    </tr>\n",
       "    <tr>\n",
       "      <th>cmix</th>\n",
       "      <td>-0.021099</td>\n",
       "      <td>0.197286</td>\n",
       "      <td>1.000000</td>\n",
       "      <td>0.094361</td>\n",
       "      <td>-0.202165</td>\n",
       "      <td>-0.083811</td>\n",
       "    </tr>\n",
       "    <tr>\n",
       "      <th>cdeep</th>\n",
       "      <td>0.092979</td>\n",
       "      <td>0.371227</td>\n",
       "      <td>0.094361</td>\n",
       "      <td>1.000000</td>\n",
       "      <td>0.315726</td>\n",
       "      <td>-0.371334</td>\n",
       "    </tr>\n",
       "    <tr>\n",
       "      <th>gamma_2l</th>\n",
       "      <td>0.355711</td>\n",
       "      <td>0.353780</td>\n",
       "      <td>-0.202165</td>\n",
       "      <td>0.315726</td>\n",
       "      <td>1.000000</td>\n",
       "      <td>0.125591</td>\n",
       "    </tr>\n",
       "    <tr>\n",
       "      <th>eff</th>\n",
       "      <td>0.414269</td>\n",
       "      <td>-0.077128</td>\n",
       "      <td>-0.083811</td>\n",
       "      <td>-0.371334</td>\n",
       "      <td>0.125591</td>\n",
       "      <td>1.000000</td>\n",
       "    </tr>\n",
       "  </tbody>\n",
       "</table>\n",
       "</div>"
      ],
      "text/plain": [
       "               q4x      lamg      cmix     cdeep  gamma_2l       eff\n",
       "q4x       1.000000  0.393555 -0.021099  0.092979  0.355711  0.414269\n",
       "lamg      0.393555  1.000000  0.197286  0.371227  0.353780 -0.077128\n",
       "cmix     -0.021099  0.197286  1.000000  0.094361 -0.202165 -0.083811\n",
       "cdeep     0.092979  0.371227  0.094361  1.000000  0.315726 -0.371334\n",
       "gamma_2l  0.355711  0.353780 -0.202165  0.315726  1.000000  0.125591\n",
       "eff       0.414269 -0.077128 -0.083811 -0.371334  0.125591  1.000000"
      ]
     },
     "metadata": {},
     "output_type": "display_data"
    },
    {
     "data": {
      "text/html": [
       "<div>\n",
       "<style scoped>\n",
       "    .dataframe tbody tr th:only-of-type {\n",
       "        vertical-align: middle;\n",
       "    }\n",
       "\n",
       "    .dataframe tbody tr th {\n",
       "        vertical-align: top;\n",
       "    }\n",
       "\n",
       "    .dataframe thead th {\n",
       "        text-align: right;\n",
       "    }\n",
       "</style>\n",
       "<table border=\"1\" class=\"dataframe\">\n",
       "  <thead>\n",
       "    <tr style=\"text-align: right;\">\n",
       "      <th></th>\n",
       "      <th>q4x</th>\n",
       "      <th>lamg</th>\n",
       "      <th>cmix</th>\n",
       "      <th>cdeep</th>\n",
       "      <th>gamma_2l</th>\n",
       "      <th>eff</th>\n",
       "    </tr>\n",
       "  </thead>\n",
       "  <tbody>\n",
       "    <tr>\n",
       "      <th>q4x</th>\n",
       "      <td>1.000000</td>\n",
       "      <td>0.383521</td>\n",
       "      <td>-0.020672</td>\n",
       "      <td>0.109158</td>\n",
       "      <td>0.359013</td>\n",
       "      <td>0.404250</td>\n",
       "    </tr>\n",
       "    <tr>\n",
       "      <th>lamg</th>\n",
       "      <td>0.383521</td>\n",
       "      <td>1.000000</td>\n",
       "      <td>0.194855</td>\n",
       "      <td>0.367843</td>\n",
       "      <td>0.363113</td>\n",
       "      <td>-0.088703</td>\n",
       "    </tr>\n",
       "    <tr>\n",
       "      <th>cmix</th>\n",
       "      <td>-0.020672</td>\n",
       "      <td>0.194855</td>\n",
       "      <td>1.000000</td>\n",
       "      <td>0.094203</td>\n",
       "      <td>-0.199120</td>\n",
       "      <td>-0.088135</td>\n",
       "    </tr>\n",
       "    <tr>\n",
       "      <th>cdeep</th>\n",
       "      <td>0.109158</td>\n",
       "      <td>0.367843</td>\n",
       "      <td>0.094203</td>\n",
       "      <td>1.000000</td>\n",
       "      <td>0.334420</td>\n",
       "      <td>-0.376680</td>\n",
       "    </tr>\n",
       "    <tr>\n",
       "      <th>gamma_2l</th>\n",
       "      <td>0.359013</td>\n",
       "      <td>0.363113</td>\n",
       "      <td>-0.199120</td>\n",
       "      <td>0.334420</td>\n",
       "      <td>1.000000</td>\n",
       "      <td>0.112967</td>\n",
       "    </tr>\n",
       "    <tr>\n",
       "      <th>eff</th>\n",
       "      <td>0.404250</td>\n",
       "      <td>-0.088703</td>\n",
       "      <td>-0.088135</td>\n",
       "      <td>-0.376680</td>\n",
       "      <td>0.112967</td>\n",
       "      <td>1.000000</td>\n",
       "    </tr>\n",
       "  </tbody>\n",
       "</table>\n",
       "</div>"
      ],
      "text/plain": [
       "               q4x      lamg      cmix     cdeep  gamma_2l       eff\n",
       "q4x       1.000000  0.383521 -0.020672  0.109158  0.359013  0.404250\n",
       "lamg      0.383521  1.000000  0.194855  0.367843  0.363113 -0.088703\n",
       "cmix     -0.020672  0.194855  1.000000  0.094203 -0.199120 -0.088135\n",
       "cdeep     0.109158  0.367843  0.094203  1.000000  0.334420 -0.376680\n",
       "gamma_2l  0.359013  0.363113 -0.199120  0.334420  1.000000  0.112967\n",
       "eff       0.404250 -0.088703 -0.088135 -0.376680  0.112967  1.000000"
      ]
     },
     "metadata": {},
     "output_type": "display_data"
    }
   ],
   "source": [
    "display(\n",
    "    df_parms_sample.loc['s21'][variables].corr(),\n",
    "    df_parms_calib.loc['s21'][variables].corr(),\n",
    ")"
   ]
  },
  {
   "cell_type": "code",
   "execution_count": 14,
   "metadata": {},
   "outputs": [
    {
     "data": {
      "text/html": [
       "<div>\n",
       "<style scoped>\n",
       "    .dataframe tbody tr th:only-of-type {\n",
       "        vertical-align: middle;\n",
       "    }\n",
       "\n",
       "    .dataframe tbody tr th {\n",
       "        vertical-align: top;\n",
       "    }\n",
       "\n",
       "    .dataframe thead th {\n",
       "        text-align: right;\n",
       "    }\n",
       "</style>\n",
       "<table border=\"1\" class=\"dataframe\">\n",
       "  <thead>\n",
       "    <tr style=\"text-align: right;\">\n",
       "      <th></th>\n",
       "      <th>q4x</th>\n",
       "      <th>lamg</th>\n",
       "      <th>cmix</th>\n",
       "      <th>cdeep</th>\n",
       "      <th>gamma_2l</th>\n",
       "      <th>co2_beta</th>\n",
       "    </tr>\n",
       "  </thead>\n",
       "  <tbody>\n",
       "    <tr>\n",
       "      <th>q4x</th>\n",
       "      <td>1.000000</td>\n",
       "      <td>0.372577</td>\n",
       "      <td>0.073165</td>\n",
       "      <td>0.071667</td>\n",
       "      <td>-0.047589</td>\n",
       "      <td>-0.168766</td>\n",
       "    </tr>\n",
       "    <tr>\n",
       "      <th>lamg</th>\n",
       "      <td>0.372577</td>\n",
       "      <td>1.000000</td>\n",
       "      <td>-0.274107</td>\n",
       "      <td>0.372106</td>\n",
       "      <td>0.274224</td>\n",
       "      <td>-0.282900</td>\n",
       "    </tr>\n",
       "    <tr>\n",
       "      <th>cmix</th>\n",
       "      <td>0.073165</td>\n",
       "      <td>-0.274107</td>\n",
       "      <td>1.000000</td>\n",
       "      <td>-0.077182</td>\n",
       "      <td>-0.463574</td>\n",
       "      <td>-0.107128</td>\n",
       "    </tr>\n",
       "    <tr>\n",
       "      <th>cdeep</th>\n",
       "      <td>0.071667</td>\n",
       "      <td>0.372106</td>\n",
       "      <td>-0.077182</td>\n",
       "      <td>1.000000</td>\n",
       "      <td>0.228693</td>\n",
       "      <td>-0.059959</td>\n",
       "    </tr>\n",
       "    <tr>\n",
       "      <th>gamma_2l</th>\n",
       "      <td>-0.047589</td>\n",
       "      <td>0.274224</td>\n",
       "      <td>-0.463574</td>\n",
       "      <td>0.228693</td>\n",
       "      <td>1.000000</td>\n",
       "      <td>0.320272</td>\n",
       "    </tr>\n",
       "    <tr>\n",
       "      <th>co2_beta</th>\n",
       "      <td>-0.168766</td>\n",
       "      <td>-0.282900</td>\n",
       "      <td>-0.107128</td>\n",
       "      <td>-0.059959</td>\n",
       "      <td>0.320272</td>\n",
       "      <td>1.000000</td>\n",
       "    </tr>\n",
       "  </tbody>\n",
       "</table>\n",
       "</div>"
      ],
      "text/plain": [
       "               q4x      lamg      cmix     cdeep  gamma_2l  co2_beta\n",
       "q4x       1.000000  0.372577  0.073165  0.071667 -0.047589 -0.168766\n",
       "lamg      0.372577  1.000000 -0.274107  0.372106  0.274224 -0.282900\n",
       "cmix      0.073165 -0.274107  1.000000 -0.077182 -0.463574 -0.107128\n",
       "cdeep     0.071667  0.372106 -0.077182  1.000000  0.228693 -0.059959\n",
       "gamma_2l -0.047589  0.274224 -0.463574  0.228693  1.000000  0.320272\n",
       "co2_beta -0.168766 -0.282900 -0.107128 -0.059959  0.320272  1.000000"
      ]
     },
     "metadata": {},
     "output_type": "display_data"
    },
    {
     "data": {
      "text/html": [
       "<div>\n",
       "<style scoped>\n",
       "    .dataframe tbody tr th:only-of-type {\n",
       "        vertical-align: middle;\n",
       "    }\n",
       "\n",
       "    .dataframe tbody tr th {\n",
       "        vertical-align: top;\n",
       "    }\n",
       "\n",
       "    .dataframe thead th {\n",
       "        text-align: right;\n",
       "    }\n",
       "</style>\n",
       "<table border=\"1\" class=\"dataframe\">\n",
       "  <thead>\n",
       "    <tr style=\"text-align: right;\">\n",
       "      <th></th>\n",
       "      <th>q4x</th>\n",
       "      <th>lamg</th>\n",
       "      <th>cmix</th>\n",
       "      <th>cdeep</th>\n",
       "      <th>gamma_2l</th>\n",
       "      <th>co2_beta</th>\n",
       "    </tr>\n",
       "  </thead>\n",
       "  <tbody>\n",
       "    <tr>\n",
       "      <th>q4x</th>\n",
       "      <td>1.000000</td>\n",
       "      <td>0.374984</td>\n",
       "      <td>0.069023</td>\n",
       "      <td>0.092832</td>\n",
       "      <td>-0.031824</td>\n",
       "      <td>-0.164798</td>\n",
       "    </tr>\n",
       "    <tr>\n",
       "      <th>lamg</th>\n",
       "      <td>0.374984</td>\n",
       "      <td>1.000000</td>\n",
       "      <td>-0.280561</td>\n",
       "      <td>0.373522</td>\n",
       "      <td>0.283242</td>\n",
       "      <td>-0.279922</td>\n",
       "    </tr>\n",
       "    <tr>\n",
       "      <th>cmix</th>\n",
       "      <td>0.069023</td>\n",
       "      <td>-0.280561</td>\n",
       "      <td>1.000000</td>\n",
       "      <td>-0.080729</td>\n",
       "      <td>-0.466925</td>\n",
       "      <td>-0.112713</td>\n",
       "    </tr>\n",
       "    <tr>\n",
       "      <th>cdeep</th>\n",
       "      <td>0.092832</td>\n",
       "      <td>0.373522</td>\n",
       "      <td>-0.080729</td>\n",
       "      <td>1.000000</td>\n",
       "      <td>0.251333</td>\n",
       "      <td>-0.045966</td>\n",
       "    </tr>\n",
       "    <tr>\n",
       "      <th>gamma_2l</th>\n",
       "      <td>-0.031824</td>\n",
       "      <td>0.283242</td>\n",
       "      <td>-0.466925</td>\n",
       "      <td>0.251333</td>\n",
       "      <td>1.000000</td>\n",
       "      <td>0.320451</td>\n",
       "    </tr>\n",
       "    <tr>\n",
       "      <th>co2_beta</th>\n",
       "      <td>-0.164798</td>\n",
       "      <td>-0.279922</td>\n",
       "      <td>-0.112713</td>\n",
       "      <td>-0.045966</td>\n",
       "      <td>0.320451</td>\n",
       "      <td>1.000000</td>\n",
       "    </tr>\n",
       "  </tbody>\n",
       "</table>\n",
       "</div>"
      ],
      "text/plain": [
       "               q4x      lamg      cmix     cdeep  gamma_2l  co2_beta\n",
       "q4x       1.000000  0.374984  0.069023  0.092832 -0.031824 -0.164798\n",
       "lamg      0.374984  1.000000 -0.280561  0.373522  0.283242 -0.279922\n",
       "cmix      0.069023 -0.280561  1.000000 -0.080729 -0.466925 -0.112713\n",
       "cdeep     0.092832  0.373522 -0.080729  1.000000  0.251333 -0.045966\n",
       "gamma_2l -0.031824  0.283242 -0.466925  0.251333  1.000000  0.320451\n",
       "co2_beta -0.164798 -0.279922 -0.112713 -0.045966  0.320451  1.000000"
      ]
     },
     "metadata": {},
     "output_type": "display_data"
    }
   ],
   "source": [
    "display(\n",
    "    df_parms_sample.loc['mce-2l'][variables_mce].corr(),\n",
    "    df_parms_calib.loc['mce-2l'][variables_mce].corr(),\n",
    ")"
   ]
  },
  {
   "cell_type": "markdown",
   "metadata": {},
   "source": [
    "## Add CO2 doubling forcing"
   ]
  },
  {
   "cell_type": "code",
   "execution_count": 15,
   "metadata": {},
   "outputs": [
    {
     "data": {
      "text/plain": [
       "(3.934168323890023, 8.259783657536742, 0.4763040397916769)"
      ]
     },
     "execution_count": 15,
     "metadata": {},
     "output_type": "execute_result"
    }
   ],
   "source": [
    "cco2_pi = obj_rf.parms_ar6_ghg.C0_1750\n",
    "obj_rf.parms.update(ccref=cco2_pi)\n",
    "q2x_ref = obj_rf.c2erf_ar6('CO2', cco2_pi*2.)\n",
    "q4x_ref = obj_rf.c2erf_ar6('CO2', cco2_pi*4.)\n",
    "q2x_ref, q4x_ref, q2x_ref / q4x_ref"
   ]
  },
  {
   "cell_type": "code",
   "execution_count": 16,
   "metadata": {},
   "outputs": [],
   "source": [
    "df = df_parms_sample\n",
    "df['q2x'] = df['q4x'] * (q2x_ref / q4x_ref)\n",
    "\n",
    "# MCE-2l uses a variant amplification factor\n",
    "df['q2x'].where(\n",
    "    df['co2_beta'].isna(),\n",
    "    df['q4x'] / df['co2_beta'] * 0.5,\n",
    "    inplace=True,\n",
    ")"
   ]
  },
  {
   "cell_type": "code",
   "execution_count": 17,
   "metadata": {},
   "outputs": [
    {
     "name": "stdout",
     "output_type": "stream",
     "text": [
      "ar6 True\n",
      "mce-2l True\n",
      "s21 True\n"
     ]
    }
   ],
   "source": [
    "for k, df in df_parms_sample.groupby('Method'):\n",
    "    if k == 'mce-2l':\n",
    "        d1 = df['q4x'] / df['co2_beta'] * 0.5\n",
    "    else:\n",
    "        d1 = df['q4x'] * (q2x_ref / q4x_ref)\n",
    "    print(k, np.all(d1 == df['q2x']))"
   ]
  },
  {
   "cell_type": "markdown",
   "metadata": {},
   "source": [
    "## AR6 original method"
   ]
  },
  {
   "cell_type": "code",
   "execution_count": 18,
   "metadata": {},
   "outputs": [],
   "source": [
    "owner = 'IPCC-WG1'\n",
    "repo = 'Chapter-7'\n",
    "repo_ch7 = RetrieveGitHub(owner, repo, './datain')"
   ]
  },
  {
   "cell_type": "code",
   "execution_count": 19,
   "metadata": {},
   "outputs": [
    {
     "name": "stderr",
     "output_type": "stream",
     "text": [
      "[2024-07-05 16:29:19 src.util] INFO:Use local file datain/IPCC-WG1/Chapter-7/data_input/random_seeds.json retrieved from https://github.com/IPCC-WG1/Chapter-7/raw/main/data_input/random_seeds.json on 2024-06-12\n"
     ]
    }
   ],
   "source": [
    "path = repo_ch7.retrieve('data_input/random_seeds.json')\n",
    "with path.open() as f1:\n",
    "    SEEDS = json.load(f1)"
   ]
  },
  {
   "cell_type": "code",
   "execution_count": 20,
   "metadata": {},
   "outputs": [
    {
     "name": "stderr",
     "output_type": "stream",
     "text": [
      "[2024-07-05 16:29:21 src.util] INFO:Use local file datain/IPCC-WG1/Chapter-7/data_input/tunings/cmip6_twolayer_tuning_params.json retrieved from https://github.com/IPCC-WG1/Chapter-7/raw/main/data_input/tunings/cmip6_twolayer_tuning_params.json on 2024-06-11\n"
     ]
    }
   ],
   "source": [
    "path = repo_ch7.retrieve('data_input/tunings/cmip6_twolayer_tuning_params.json')\n",
    "with path.open() as f1:\n",
    "    params = json.load(f1)\n",
    "\n",
    "cmip6_models = list(params['q4x']['model_data']['EBM-epsilon'].keys())"
   ]
  },
  {
   "cell_type": "code",
   "execution_count": 21,
   "metadata": {},
   "outputs": [],
   "source": [
    "df_parms = pd.concat({\n",
    "    vn: pd.DataFrame(params[vn]['model_data']).rename_axis('Dataset')\n",
    "    for vn in params\n",
